36382.54
26593.76
37953.43
37410.53
33645.2
24543.1
39834.52
26946.17
41243.39
34021.69
23739.52
33774.46
33126.87
24831.19
28042.77
33823.88
36787.91
33149.89
24357.81
24207.11
41581.62
28335.01
34658.85
24233.21
26224.74
40493.3
28332.61
27007.45
35965.07
41679.9
38791.13
37724.44
31610.73
38747.3
33551.44
27764.57
24366.72
37593.14
27386.23
32748.85
41090.98
41257.11
39217.25
38129.54
24498
24501.43
35735.04
28377.89
34991.24
34301.73
39143.22
27112.86
23970.96
39149.04
31463.5
38448.81
28178.95
31387.53
24008.58
26502.89
40370.41
26007.73
31823.07
27082
35225.4
26474.6
39047.3
41473.86
26877.41
33383.74
40255.07
27605.32
27633.88
27144.58
39964.28
35205.58
38610.23
24064.99
41036.74
24616.75
37453.51
24262.22
27698.4
30869.68
38877.24
27112.65
24288.8
30560.03
28843.64
37898.08
37745.9
31383.09
40325.62
34386.44
30904.39
27657.76
24032.51
35273.74
38475.09
25898.57
