65483.57
65270.9
67531.47
65336.94
65402.15
65875.65
66879.75
65515.52
65495.61
65823.79
65864.44
65420.39
65160.04
65367.1
65620.54
65488.34
65395.59
65478.92
65978.77
68155.53
65615.42
65444.47
65493.11
66609.14
65969.82
65442.8
65542.94
66001.65
65975.67
65709.59
65442.09
65340.88
65888.88
65434.22
65755.37
65438.75
66231.01
65872.55
65518.02
65562.96
67158.7
65457.7
65705.42
67036.15
65505.98
65459.73
65694.21
65416.34
65596.46
65577.27
65596.34
65391.06
65744.64
65302.37
65847.16
65330.62
65564.16
65710.66
65727.35
66547.63
65794.59
65489.53
65916.78
66452.5
65490.84
65729.98
65414.79
65518.14
65562.49
65487.27
65710.54
65700.41
66815.26
65583.71
65280.44
66194.89
65580.49
65488.46
65318.7
65763.24
65495.85
66366.08
65684.2
65474.15
65835.24
65453.65
65505.98
65372.71
65821.17
65641.05
65896.15
65440.65
65269.11
65533.28
65545.92
66686.75
66712.38
67135.21
65705.06
65689.92
