57814.15
73260.92
67668.44
73448.75
85491.55
58580.04
58205.77
76930.88
77266.41
67468.93
67466.44
66380.45
59124.95
59623.68
66115.18
67048.15
76990.55
78362.88
68641.87
66717.73
80187.21
66421.62
57299.61
83861.38
67283.89
57929.19
85019.84
57788.69
81762.18
74759.26
64284.02
73814.24
74223.54
57019.12
56614.69
63959.85
69520.16
68452.59
66232.59
57530.67
65463.55
68278.88
56905.08
65722.78
64817.61
77655.97
69444.22
78715.42
78583.2
58969.63
57868.51
63896.52
58009.22
81619.9
85564.73
81170.3
66246.92
76478.35
60869.58
59185.96
76851.08
58085.81
85736.47
68690.91
58084.28
74529.47
58355.31
56962.88
64789.72
60081.92
61114.96
58021.18
83001.53
58092.93
58519.56
82684.96
66637.67
62589.21
77951.35
65421.73
67182.46
89915.72
57577.04
58236.32
74860.44
65648.09
78845.11
72854.93
57579.56
58200.81
64439.03
78524.94
57808.01
79316.12
62083.46
86836.42
61116.35
67505.67
80159.21
57937.07
