130556
131044.7
131179.8
130708.5
130834.1
130510.6
130982.6
130635.7
131438.9
130790.6
133391.5
130805
132613.5
130579.8
130482.8
131090.6
130447
131151.2
131218.7
130906.5
131347.4
131578.8
131968.7
130586.6
130425.3
131008.3
132984.4
130782.2
133138.2
130611.4
130656.6
130881.5
131054.2
130569
130712.3
131489.2
131110.5
131710.5
130881.2
131438.9
130398.4
131328.6
131094.2
131369.7
130810.6
131511.3
130549.6
130769.5
130565.3
131080.4
131017.3
132445.7
131497.3
130700
130797.4
130870.2
130533.6
130670.8
130763.1
130596.4
131418.1
130556
130822.4
131219.4
130578.4
130550.4
131071.8
132914.1
131438.6
130505.8
132331
130553.8
131124.6
130631.6
130636.3
130851.1
130848.2
130701.4
130377.8
130671.5
131237.9
130425.5
131716.7
130850.9
132261.2
131019.8
131070.7
130676
130921.6
130703.3
132142.7
130302.8
131363.6
130872.6
131331.1
131632.4
130569.8
130436.5
130657.1
131855.5
